3043361
15117767
66493
5892183
60590110
1872277
13651167
34801653
1975743
2833569
6512294
32313049
9536275
1304233
0
72906973
2054
10319246
35286
14174937
34614266
4903424
193227
9000486
832413
6642576
507953
7262377
23950391
22537327
223957
6542662
1365101
1597888
900814
64046
226033
4105713
37147
34814209
4225387
50647451
787565
73017542
8819973
12318150
15410162
74605682
452062
15387312
3416
3809
1653125
13278178
307809
9095239
3656499
17371870
15370364
23880485
6121753
591140
3469152
60764055
129903
32003251
746874
408016
9025260
10773
55117973
6724369
1424235
77053
57094
461565
779770
401536
5254631
48247143
95819
115300
34361410
15248616
156128
9010867
905481
2228462
15456611
22414912
11258758
14679
21209582
3730
115959
1148143
23227
485562
46983663
3024798
