7
1.000 0.000
0.966 0.259
0.866 0.500
0.707 0.707
0.500 0.866
0.259 0.966
0.000 1.000

7
3.000 1.000
2.932 1.518
2.732 2.000
2.414 2.414
2.000 2.732
1.518 2.932
1.000 3.000

2.236 INF   INF   INF   INF   INF   INF   
INF   4.571 6.874 9.242 11.760 14.489 17.467 
INF   7.051 6.965 9.276 11.746 14.426 17.335 
INF   9.647 9.426 9.379 11.738 14.334 17.132 
INF   12.327 11.930 11.781 11.773 14.218 16.864 
INF   15.057 14.448 14.150 14.076 14.108 16.565 
INF   17.798 16.951 16.461 16.268 16.241 16.344 
